Easy
[[2,6,7,4,3,1,0,0,8],
[4,5,8,9,6,7,2,1,3],
[9,1,0,5,2,8,7,4,6],
[1,4,5,7,9,3,8,6,2],
[3,0,9,0,5,0,1,7,4],
[0,0,6,0,1,4,3,0,0],
[6,0,4,1,8,2,0,3,0],
[5,3,2,6,7,9,4,8,1],
[0,0,1,3,4,0,0,2,0]];

Medium
[[0,8,0,0,0,0,0,5,0],
[0,3,0,5,0,0,1,0,0],
[2,1,5,4,6,7,3,8,9],
[0,0,0,8,1,3,9,2,5],
[5,2,3,7,9,4,0,1,8],
[1,9,8,6,0,0,4,7,3],
[9,6,0,3,0,0,0,4,0],
[3,5,7,2,4,1,8,9,6],
[8,4,0,9,0,6,0,3,0]];

hard
[[0,7,1,5,0,2,4,0,8]
[4,0,0,0,9,0,6,5,0]
[0,0,2,0,0,8,0,0,0]
[1,0,8,0,4,0,0,0,0]
[9,4,0,0,2,0,3,8,6]
[0,0,6,9,0,0,0,0,0]
[0,0,7,0,1,4,9,3,5]
[0,0,4,2,5,9,8,6,7]
[0,5,9,3,7,6,1,2,4]];

Very hard
[[6,5,9,2,7,4,1,8,3],
[4,7,1,8,3,0,0,0,9],
[3,8,2,0,0,0,0,0,4],
[5,3,0,0,0,2,4,0,0],
[8,2,0,0,5,0,0,0,1],
[9,1,0,0,0,3,0,0,7],
[7,0,0,0,0,0,0,1,0],
[0,6,0,0,0,0,0,4,0],
[0,0,0,0,0,0,0,0,0]];

Insane
[[0,3,0,0,0,0,0,7,0]
[4,6,9,3,7,5,0,0,0]
[7,0,5,2,0,0,9,3,6]
[9,0,0,0,0,3,0,0,0]
[3,0,0,0,0,0,0,0,0]
[8,5,0,0,0,0,0,0,0]
[0,7,0,8,0,2,0,0,0]
[0,9,0,0,0,6,0,0,0]
[0,0,0,0,3,9,0,0,0]];